2.246984E-13
2.262720E-13
2.276969E-13
2.285830E-13
2.294100E-13
2.301759E-13
2.310289E-13
2.317849E-13
2.324386E-13
2.332790E-13
2.338800E-13
2.346048E-13
2.350138E-13
2.355331E-13
2.359056E-13
2.362266E-13
2.368467E-13
2.371278E-13
2.377309E-13
2.378875E-13
2.380685E-13
2.386447E-13
2.388536E-13
2.394325E-13
2.396274E-13
2.398156E-13
2.402544E-13
2.404328E-13
2.410262E-13
2.411964E-13
2.416328E-13
2.418267E-13
2.419824E-13
2.426010E-13
2.427512E-13
2.433910E-13
2.434850E-13
2.435453E-13
2.442075E-13
2.443471E-13
2.450343E-13
2.451684E-13
2.454181E-13
2.458001E-13
2.460154E-13
2.461134E-13
2.464245E-13
2.467409E-13
2.468921E-13
2.470676E-13
2.473900E-13
2.474878E-13
2.477231E-13
2.478012E-13
2.480569E-13
2.483882E-13
2.487178E-13
2.487250E-13
2.490618E-13
2.494019E-13
2.496575E-13
2.496824E-13
2.497260E-13
2.497268E-13
2.497274E-13
2.497279E-13
2.497283E-13
2.497287E-13
2.497289E-13
2.497291E-13
2.497292E-13
2.505666E-13
2.512677E-13
2.519836E-13
2.527148E-13
2.534618E-13
2.542251E-13
2.550052E-13
2.558027E-13
2.566182E-13
2.574523E-13
2.581883E-13
2.583056E-13
2.586323E-13
2.590817E-13
2.590817E-13
2.591788E-13
2.595365E-13
2.599970E-13
2.599970E-13
2.600726E-13
2.604631E-13
2.604631E-13
2.609350E-13
2.609350E-13
2.614127E-13
2.614127E-13
2.618965E-13
2.618965E-13
2.618965E-13
