3.65181E-14
3.3963E-14
3.10404E-14
2.73838E-14
2.39716E-14
2.0811E-14
1.80254E-14
1.54336E-14
1.30537E-14
1.10259E-14
9.13185E-15
7.97031E-15
6.88518E-15
5.97661E-15
5.16276E-15
4.4537E-15
3.88497E-15
3.34903E-15
2.92056E-15
2.50799E-15
2.18673E-15
1.93711E-15
1.69679E-15
1.50689E-15
1.32272E-15
1.16225E-15
1.03101E-15
9.07822E-16
8.11181E-16
7.15696E-16
6.37598E-16
5.64219E-16
5.15223E-16
4.81303E-16
4.43881E-16
4.16476E-16
3.84883E-16
3.55965E-16
3.35959E-16
3.12546E-16
2.96106E-16
2.76302E-16
2.59113E-16
2.44308E-16
2.29532E-16
2.15199E-16
2.03306E-16
1.84863E-16
1.63788E-16
1.45213E-16
1.29289E-16
1.09952E-16
9.10382E-17
7.47291E-17
6.13934E-17
5.03238E-17
4.10604E-17
3.30426E-17
2.67101E-17
2.1485E-17
1.71522E-17
1.35332E-17
1.06248E-17
8.28442E-18
6.4217E-18
4.94762E-18
3.78799E-18
2.88132E-18
2.1769E-18
1.63322E-18
1.21646E-18
9.28099E-19
7.24931E-19
5.63546E-19
4.35947E-19
3.35545E-19
2.56932E-19
1.95691E-19
1.48232E-19
1.11651E-19
8.36108E-20
6.20616E-20
4.50847E-20
3.2703E-20
2.80046E-20
2.15997E-20
1.53168E-20
1.18271E-20
9.96144E-21
8.29868E-21
7.56597E-21
6.95628E-21
5.8063E-21
5.35862E-21
4.89571E-21
4.52708E-21
4.14373E-21
3.5107E-21
3.21927E-21
2.95465E-21
